Matrix size: 1024x1024
Testing different scheduling strategies...

Schedule: Static
Threads Chunk Size      Time (ms)       Speedup
------------------------------------------------
1       1               3452.47         0.98
1       16              3398.61         1.00
1       64              3405.44         1.00
1       256             3362.42         1.01
2       1               1621.83         2.09
2       16              1631.99         2.08
2       64              1640.35         2.07
2       256             1722.87         1.97
4       1               824.29          4.12
4       16              876.47          3.87
4       64              841.69          4.03
4       256             853.92          3.97
8       1               445.48          7.61
8       16              448.76          7.56
8       64              416.89          8.14
8       256             406.75          8.34
16      1               237.49          14.28
16      16              224.30          15.12
16      64              247.82          13.69
16      256             245.67          13.81

Schedule: Dynamic
Threads Chunk Size      Time (ms)       Speedup
------------------------------------------------
1       1               3347.35         1.00
1       16              3338.59         1.00
1       64              3363.41         1.00
1       256             3347.18         1.00
2       1               1660.86         2.02
2       16              1615.80         2.08
2       64              1610.97         2.08
2       256             1607.56         2.09
4       1               820.78          4.09
4       16              854.23          3.93
4       64              857.96          3.91
4       256             854.49          3.92
8       1               371.52          9.03
8       16              386.32          8.68
8       64              442.93          7.57
8       256             838.53          4.00
16      1               194.27          17.26
16      16              221.97          15.11
16      64              210.53          15.93
16      256             816.54          4.11

Schedule: Guided
Threads Chunk Size      Time (ms)       Speedup
------------------------------------------------
1       1               3367.20         1.03
1       16              3313.75         1.04
1       64              3342.34         1.03
1       256             3339.01         1.04
2       1               1608.46         2.15
2       16              1616.30         2.14
2       64              1674.36         2.06
2       256             1592.26         2.17
4       1               833.68          4.15
4       16              830.49          4.16
4       64              835.49          4.14
4       256             833.10          4.15
8       1               392.18          8.82
8       16              401.51          8.61
8       64              359.77          9.61
8       256             379.25          9.12
16      1               193.50          17.87
16      16              196.74          17.57
16      64              206.96          16.70
16      256             209.27          16.52