热平板问题性能测试报告
====================

1. 执行时间(秒)
-------------------------
问题规模(N)\线程数	1	2	4	8
2	0.0001	0.0001	0.0003	0.0008	
4	0.0028	0.0026	0.0016	0.0051	
8	0.0038	0.0039	0.0088	0.0183	
16	0.0086	0.0124	0.0179	0.0469	
32	0.0273	0.0329	0.0569	0.1220	
64	0.1454	0.1280	0.1426	0.3794	
128	0.8044	0.5580	0.5217	1.0502	
256	10.2118	3.8254	2.3823	3.1069	
512	77.1542	21.2017	11.5913	9.4155	

2. 加速比
-------------------------
问题规模(N)\线程数	2	4	8
2	0.6300	0.2368	0.0795	
4	1.1070	1.7255	0.5521	
8	0.9676	0.4327	0.2070	
16	0.6940	0.4800	0.1834	
32	0.8315	0.4807	0.2242	
64	1.1358	1.0198	0.3832	
128	1.4417	1.5419	0.7660	
256	2.6695	4.2865	3.2868	
512	3.6391	6.6562	8.1944	

3. 并行效率
-------------------------
问题规模(N)\线程数	2	4	8
2	0.3150	0.0592	0.0099	
4	0.5535	0.4314	0.0690	
8	0.4838	0.1082	0.0259	
16	0.3470	0.1200	0.0229	
32	0.4158	0.1202	0.0280	
64	0.5679	0.2549	0.0479	
128	0.7209	0.3855	0.0958	
256	1.3347	1.0716	0.4108	
512	1.8195	1.6640	1.0243	
